112.0
47.0
30.0
168.0
82.0
76.0
37.0
91.0
61.0
102.0
253.0
202.0
52.0
23.0
31.0
30.0
238.0
44.0
44.0
52.0
60.0
65.0
36.0
255.0
70.0
54.0
91.0
79.0
15.0
52.0
67.0
53.0
96.0
104.0
59.0
188.0
229.0
228.0
95.0
57.0
62.0
48.0
159.0
35.0
64.0
206.0
91.0
59.0
57.0
53.0
54.0
53.0
49.0
41.0
48.0
113.0
89.0
209.0
303.0
73.0
276.0
72.0
51.0
50.0
112.0
90.0
63.0
160.0
64.0
24.0
179.0
55.0
221.0
95.0
113.0
85.0
126.0
111.0
51.0
106.0
51.0
41.0
205.0
189.0
49.0
50.0
74.0
79.0
195.0
107.0
24.0
98.0
164.0
285.0
91.0
78.0
42.0
50.0
68.0
37.0
94.0
101.0
228.0
122.0
43.5
67.0
70.0
38.0
54.0
89.0
95.0
21.0
55.0
67.0
80.0
76.0
60.0
65.0
15.0
19.0
173.0
163.0
96.0
54.0
78.0
197.0
84.0
116.0
50.0
18.0
239.0
25.0
106.33333333333334
93.0
51.0
259.0
205.0
95.66666666666666
202.0
245.5
24.0
111.33333333333334
216.0
87.0
36.0
83.99999999999999
88.0
150.0
218.0
50.0
29.0
84.0
85.33333333333333
107.0
43.0
90.0
66.0
90.0
193.0
97.0
39.0
102.0
57.0
157.0
96.0
231.0
217.0
77.0
56.0
73.0
72.0
66.0
58.0
51.0
233.0
140.33333333333334
211.0
130.0
45.0
209.0
101.0
237.99999999999997
212.0
46.0
227.0
169.0
155.5
42.0
116.0
192.0
85.0
52.0
108.0
68.5
37.0